0,550
0,549
0,548
0,547
0,546
0,545
0,544
0,543
0,542
0,243
0,386
0,541
0,540
0,472
10,192
10,274
10,196
10,86
10,120
10,234
10,140
10,174
11,11
11,16
11,15
11,19
11,10
11,4
9,6
9,4
8,17
8,12
8,4
8,6
8,11
54,4
54,3
54,2
54,1
54,0
52,4
52,3
52,2
52,1
52,0
51,3
51,2
51,1
51,0
50,4
50,3
50,2
50,1
50,0
49,3
49,2
49,1
49,0
48,3
48,2
48,1
48,0
47,4
47,3
47,2
47,0
46,3
46,2
46,1
46,0
45,4
45,3
45,2
45,1
45,0
44,3
44,2
44,1
20,3
20,2
20,1
19,3
19,2
19,1
12,3
12,2
12,1
11,27
11,25
11,23
11,21
11,14
11,13
11,7
11,6
11,3
11,2
11,1
10,241
10,237
10,195
10,191
18,1
18,3
10,187
10,121
10,71
10,69
10,3
10,2
10,1
9,7
9,5
9,3
